%2016-10-27
%I12匹配点情况
%使用的点的信息为I12--存储一个X*4的矩阵（使用reshape函数），其中I12 前两列为I1中的坐标，后两列为I2中的坐标，以此类推
I12 = [
	2999.00		2119.25		2403.25		2776.25 ...
	758.00		879.75		1520.25		1160.25 ...
	915.50		48.25		276.75		705.75 ...
	720.00		776.75		1403.75		1076.75	];
I32 = [
	1272.250	959.750		969.750		750.250	...
	1045.750	1450.750	1033.750	1280.250 ...
	3180.250	2843.750	2817.750	2519.250 ...
	774.750		1270.750	776.250		1073.250 ];


%以前备份的匹配点信息	
% I12 = [2622.150000	2920.690000	3080.400000	2796.790000	2926.660000	2770.500000	2102.700000	2275.850000	2522.140000	2234.050000	2538.420000	2238.530000	2886.353659	3135.631707	3252.060976	732.661000	719.227000	460.993000	947.607000	1193.900000	1322.500000	843.120000	907.305000	944.622000	1222.260000	1287.180000	1561.100000	2114.885366	2004.426829	2004.426829	528.083000	845.976000	1119.020000	739.876000	833.915000	682.500000	35.329300	199.524000	427.905000	135.339000	417.456000	124.890000	386.299726	696.000000	794.000000	672.291000	682.739000	453.529000	884.915000	1111.800000	1230.500000	740.124000	816.251000	865.510000	1116.280000	1190.910000	1314.810000	1948.340878	1847.000000	1846.000000	];
% I32 = [ 1075.729268	872.724390	956.314634	1190.665854	993.631707	623.446341	317.446341	593.751029	204.220165	421.934146	180.340878	280.129268	574.187805	742.860976	859.290244	681.805898	935.523320	774.456098	1059.558537	1105.831707	1173.002439	1373.021951	744.602439	895.363415	1039.435528	1125.997942	1235.695122	1506.574074	1661.109756	1446.163415	1211.812195	1311.821951	2028.933471	2049.827846	2811.719512	2638.414952	2813.032236	3093.613855	2877.397561	2350.480488	2035.524390	2341.416324	1941.438272	2178.821951	1950.393004	2072.841463	2354.958537	2505.719512	2646.031707	2923.670732	3163.992683	444.573171	808.104938	864.818244	933.471193	1180.465854	453.529268	650.563415	799.150206	918.546639	1032.690244	1340.911523	1510.348780	1267.041463	992.387805	1107.324390	1919.343902	1950.690244	];


%以前备份的匹配点信息1
% I12 = [2868.440000	2622.150000	2920.690000	3080.400000	3253.550000	2796.790000	2757.980000	2926.660000	2917.700000	2649.020000	2763.950000	2823.660000	2717.680000	2463.920000	2341.520000	2102.700000	2275.850000	2402.720000	2107.170000	2522.140000	2407.200000	2234.050000	2538.420000	2359.330000	2238.530000	2368.390000	2886.353659	3135.631707	3252.060976	2328.090244	2457.953659	2607.221951	2629.580780	2478.048747	2344.700557	384.866000	732.661000	719.227000	460.993000	699.822000	947.607000	1074.490000	1193.900000	992.388000	1080.460000	1199.870000	1376.010000	1510.350000	816.251000	826.700000	843.120000	907.305000	1031.200000	967.012000	944.622000	1159.570000	1222.260000	1287.180000	1349.870000	1561.100000	1616.330000	2114.885366	2004.426829	2004.426829	1614.836585	1604.387805	1614.836585	2165.513928	2162.483287	2150.360724	816.500000	528.083000	845.976000	1119.020000	1123.500000	739.876000	695.095000	833.915000	839.885000	593.593000	690.617000	723.594650	624.939000	381.632000	271.173000	35.329300	199.524000	308.490000	27.865900	427.905000	305.505000	135.339000	417.456000	245.798000	124.890000	233.856000	386.299726	696.000000	794.000000	139.817073	298.041463	384.617073	365.692201	280.834262	114.149025	359.973000	672.291000	682.739000	453.529000	681.910000	884.915000	998.359000	1111.800000	928.202000	996.866000	1113.300000	1278.228395	1396.900000	741.617000	741.617000	740.124000	816.251000	938.651000	861.032000	865.510000	1064.040000	1116.280000	1190.910000	1243.160000	1314.810000	1498.410000	1948.340878	1847.000000	1846.000000	1504.378049	1517.812195	1505.870732	1995.798050	1992.767409	1998.828691	];
% I32 = [ 1075.729268	877.202439	872.724390	1095.134146	956.314634	1190.665854	1053.339024	993.631707	623.446341	317.446341	593.751029	204.220165	421.934146	299.534146	180.340878	280.129268	402.529268	574.187805	742.860976	859.290244	681.805898	935.523320	774.456098	946.114634	1059.558537	1068.514634	1105.831707	1173.002439	1211.812195	1373.021951	744.602439	895.363415	1039.435528	1125.997942	1235.695122	1399.890244	1506.574074	1661.109756	1547.665854	1446.163415	1211.812195	1311.821951	2028.933471	2049.827846	2811.719512	2719.173171	2638.414952	2971.232510	2813.032236	3093.613855	2932.626829	2877.397561	2350.480488	2035.524390	2341.416324	1941.438272	2178.821951	2063.819616	1950.393004	2072.841463	2184.792683	2354.958537	2505.719512	2646.031707	2923.670732	3163.992683	444.573171	678.924390	808.104938	809.597394	864.818244	933.471193	984.924390	1180.465854	453.529268	650.563415	799.150206	918.546639	1032.690244	1218.530178	1340.911523	1510.348780	1387.948780	1267.041463	992.387805	1107.324390	1919.343902	1950.690244	];

%以前备份的匹配点信息2
% I12 = [2868.440000	2622.150000	2920.690000	3219.500000	3253.550000	2796.790000	2757.980000	2926.660000	2917.700000	2649.020000	2763.950000	2823.660000	2717.680000	2463.920000	2341.520000	2102.700000	2275.850000	2402.720000	2107.170000	2522.140000	2407.200000	2234.050000	2538.420000	2359.330000	2238.530000	2368.390000	2886.353659	3135.631707	3252.060976	384.866000	732.661000	719.227000	449.500000	699.822000	947.607000	1074.490000	1193.900000	992.388000	1080.460000	1199.870000	1376.010000	1510.350000	816.251000	826.700000	843.120000	907.305000	1031.200000	967.012000	944.622000	1159.570000	1222.260000	1287.180000	1349.870000	1561.100000	1616.330000	2114.885366	2004.426829	2004.426829	816.500000	528.083000	845.976000	1117.500000	1123.500000	739.876000	695.095000	833.915000	839.885000	593.593000	690.617000	723.594650	624.939000	381.632000	271.173000	35.329300	199.524000	308.490000	27.865900	427.905000	305.505000	135.339000	417.456000	245.798000	124.890000	233.856000	386.299726	696.000000	794.000000	359.973000	672.291000	682.739000	453.500000	681.910000	884.915000	998.359000	1111.800000	928.202000	996.866000	1113.300000	1278.228395	1396.900000	741.617000	741.617000	740.124000	816.251000	938.651000	861.032000	865.510000	1064.040000	1116.280000	1190.910000	1243.160000	1314.810000	1498.410000	1948.340878	1847.000000	1846.000000		];
% I32 = [ 1075.729268	872.724390	1095.134146	956.314634	1190.665854	1053.339024	993.631707	623.446341	317.446341	593.751029	204.220165	421.934146	299.534146	180.340878	280.129268	574.187805	742.860976	859.290244	681.805898	935.523320	774.456098	1059.558537	1068.514634	1105.831707	1173.002439	1211.812195	1373.021951	744.602439	895.363415	1039.435528	1125.997942	1235.695122	1399.890244	1506.574074	1661.109756	1446.163415	1211.812195	1311.821951	2028.933471	2049.827846	2811.719512	2638.414952	2971.232510	2813.032236	3093.613855	2932.626829	2877.397561	2350.480488	2035.524390	2341.416324	1941.438272	2178.821951	2063.819616	1950.393004	2072.841463	2354.958537	2505.719512	2646.031707	2923.670732	3163.992683	444.573171	808.104938	809.597394	864.818244	933.471193	984.924390	1180.465854	453.529268	650.563415	799.150206	918.546639	1032.690244	1218.530178	1340.911523	1510.348780	1267.041463	992.387805	1107.324390	1919.343902	1950.690244		];
